ff ff ff ff ff ff d8 cb 8a 57 22 a9 08 00 45 00
01 23 69 a0 00 00 80 11 4b 83 c0 a8 01 57 c0 a8
01 ff d6 83 d6 83 01 0f c6 59 00 44 45 53 4b 54
4f 50 2d 4e 37 46 4e 36 33 48 00 b8 4f 63 68 00
00 00 00 00 00 00 00 00 00 00 33 27 00 00 00 00
00 00 e0 12 f6 dc e5 01 00 00 c0 28 7d dc e5 01
00 00 c0 71 16 dd e5 01 00 00 00 00 00 00 00 00
00 00 7c 6a 1b 59 00 00 00 00 18 a3 c9 59 00 00
00 00 79 bc 4f 63 68 00 00 00 00 00 00 00 00 00
00 00 a0 3d 7d dc e5 01 00 00 c4 b8 4f 63 68 00
00 00 e0 b8 4f 63 68 00 00 00 c8 d2 0a 7b 65 33
65 61 63 62 61 64 2d 33 61 64 37 2d 34 62 39 39
2d 38 64 30 30 2d 36 37 34 39 65 32 39 33 61 63
66 35 7d 00 00 00 00 00 00 00 01 00 00 00 00 00
00 00 c0 b8 4f 63 68 00 00 00 00 00 00 00 00 00
00 00 00 00 00 00 00 00 00 00 00 00 00 00 00 00
00 00 00 00 00 00 00 00 00 00 00 00 00 00 00 00
00 00 00 00 00 00 00 00 00 00 00 00 00 00 00 00
00 00 00 00 00 00 00 00 00 00 00 00 00 94 a5 f7
32

ff ff ff ff ff ff d8 cb 8a 57 22 a9 08 00 45 00
01 23 69 a2 00 00 80 11 4b 81 c0 a8 01 57 c0 a8
01 ff d6 83 d6 83 01 0f 9d d0 00 44 45 53 4b 54
4f 50 2d 4e 37 46 4e 36 33 48 00 b8 4f 63 68 00
00 00 00 00 00 00 00 00 00 00 33 27 00 00 00 00
00 00 e0 12 f6 dc e5 01 00 00 c0 28 7d dc e5 01
00 00 c0 71 16 dd e5 01 00 00 00 00 00 00 00 00
00 00 7c 6a 1b 59 00 00 00 00 18 a3 c9 59 00 00
00 00 79 bc 4f 63 68 00 00 00 00 00 00 00 00 00
00 00 a0 3d 7d dc e5 01 00 00 c4 b8 4f 63 68 00
00 00 e0 b8 4f 63 68 00 00 00 c8 d3 0a 7b 65 33
65 61 63 62 61 64 2d 33 61 64 37 2d 34 62 39 39
2d 38 64 30 30 2d 36 37 34 39 65 32 39 33 61 63
66 35 7d 00 00 00 00 00 00 00 01 00 00 00 00 00
00 00 c0 b8 4f 63 68 00 00 00 00 00 00 00 00 00
00 00 00 00 00 00 00 00 00 00 00 00 00 00 00 00
00 00 00 00 00 00 00 00 00 00 00 00 00 00 00 00
00 00 00 00 00 00 00 00 00 00 00 00 00 00 00 00
00 00 00 00 00 00 00 00 00 00 00 00 00 c8 f5 4b
0b

ff ff ff ff ff ff d8 cb 8a 57 22 a9 08 00 45 00
01 23 69 a3 00 00 80 11 4b 80 c0 a8 01 57 c0 a8
01 ff d6 83 d6 83 01 0f b3 08 00 44 45 53 4b 54
4f 50 2d 4e 37 46 4e 36 33 48 00 b8 4f 63 68 00
00 00 00 00 00 00 00 00 00 00 33 27 00 00 00 00
00 00 e0 12 f6 dc e5 01 00 00 c0 28 7d dc e5 01
00 00 c0 71 16 dd e5 01 00 00 00 00 00 00 00 00
00 00 7c 6a 1b 59 00 00 00 00 18 a3 c9 59 00 00
00 00 79 bc 4f 63 68 00 00 00 00 00 00 00 00 00
00 00 a0 3d 7d dc e5 01 00 00 c4 b8 4f 63 68 00
00 00 e0 b8 4f 63 68 00 00 00 c8 d4 0a 7b 65 33
65 61 63 62 61 64 2d 33 61 64 37 2d 34 62 39 39
2d 38 64 30 30 2d 36 37 34 39 65 32 39 33 61 63
66 35 7d 00 00 00 00 00 00 00 01 00 00 00 00 00
00 00 c0 b8 4f 63 68 00 00 00 00 00 00 00 00 00
00 00 00 00 00 00 00 00 00 00 00 00 00 00 00 00
00 00 00 00 00 00 00 00 00 00 00 00 00 00 00 00
00 00 00 00 00 00 00 00 00 00 00 00 00 00 00 00
00 00 00 00 00 00 00 00 00 00 00 00 00 5c 44 7e
a7

ff ff ff ff ff ff c4 9d ed 03 a7 33 08 00 45 00
00 f6 4d 17 00 00 80 11 2a c5 c0 a8 01 73 ff ff
ff ff 44 5c 44 5c 00 e2 bb 29 7b 22 68 6f 73 74
5f 69 6e 74 22 3a 20 31 30 32 34 39 38 39 32 35
33 39 34 38 36 32 33 30 34 31 30 37 31 38 39 38
35 34 32 36 36 32 31 32 35 35 31 37 35 30 2c 20
22 76 65 72 73 69 6f 6e 22 3a 20 5b 32 2c 20 30
5d 2c 20 22 64 69 73 70 6c 61 79 6e 61 6d 65 22
3a 20 22 22 2c 20 22 70 6f 72 74 22 3a 20 31 37
35 30 30 2c 20 22 6e 61 6d 65 73 70 61 63 65 73
22 3a 20 5b 31 32 32 35 32 33 30 33 36 38 2c 20
32 31 36 36 35 39 38 33 30 34 2c 20 31 33 31 36
39 37 30 38 38 38 2c 20 31 32 32 30 39 37 36 38
37 36 2c 20 31 33 32 30 37 32 33 37 38 39 2c 20
31 33 37 38 33 39 30 33 38 33 2c 20 31 32 35 30
37 38 30 39 34 37 2c 20 31 34 38 34 33 38 34 35
33 39 5d 7d

ff ff ff ff ff ff c4 9d ed 03 a7 33 08 00 45 00
00 f6 4d 18 00 00 80 11 2a c4 c0 a8 01 73 ff ff
ff ff 44 5c 44 5c 00 e2 bb 29 7b 22 68 6f 73 74
5f 69 6e 74 22 3a 20 31 30 32 34 39 38 39 32 35
33 39 34 38 36 32 33 30 34 31 30 37 31 38 39 38
35 34 32 36 36 32 31 32 35 35 31 37 35 30 2c 20
22 76 65 72 73 69 6f 6e 22 3a 20 5b 32 2c 20 30
5d 2c 20 22 64 69 73 70 6c 61 79 6e 61 6d 65 22
3a 20 22 22 2c 20 22 70 6f 72 74 22 3a 20 31 37
35 30 30 2c 20 22 6e 61 6d 65 73 70 61 63 65 73
22 3a 20 5b 31 32 32 35 32 33 30 33 36 38 2c 20
32 31 36 36 35 39 38 33 30 34 2c 20 31 33 31 36
39 37 30 38 38 38 2c 20 31 32 32 30 39 37 36 38
37 36 2c 20 31 33 32 30 37 32 33 37 38 39 2c 20
31 33 37 38 33 39 30 33 38 33 2c 20 31 32 35 30
37 38 30 39 34 37 2c 20 31 34 38 34 33 38 34 35
33 39 5d 7d

ff ff ff ff ff ff c4 9d ed 03 a7 33 08 00 45 00
00 f6 1f 51 00 00 80 11 95 e3 c0 a8 01 73 c0 a8
01 ff 44 5c 44 5c 00 e2 f8 81 7b 22 68 6f 73 74
5f 69 6e 74 22 3a 20 31 30 32 34 39 38 39 32 35
33 39 34 38 36 32 33 30 34 31 30 37 31 38 39 38
35 34 32 36 36 32 31 32 35 35 31 37 35 30 2c 20
22 76 65 72 73 69 6f 6e 22 3a 20 5b 32 2c 20 30
5d 2c 20 22 64 69 73 70 6c 61 79 6e 61 6d 65 22
3a 20 22 22 2c 20 22 70 6f 72 74 22 3a 20 31 37
35 30 30 2c 20 22 6e 61 6d 65 73 70 61 63 65 73
22 3a 20 5b 31 32 32 35 32 33 30 33 36 38 2c 20
32 31 36 36 35 39 38 33 30 34 2c 20 31 33 31 36
39 37 30 38 38 38 2c 20 31 32 32 30 39 37 36 38
37 36 2c 20 31 33 32 30 37 32 33 37 38 39 2c 20
31 33 37 38 33 39 30 33 38 33 2c 20 31 32 35 30
37 38 30 39 34 37 2c 20 31 34 38 34 33 38 34 35
33 39 5d 7d

ff ff ff ff ff ff c4 9d ed 03 a7 33 08 00 45 00
00 f6 4d 19 00 00 80 11 2a c3 c0 a8 01 73 ff ff
ff ff 44 5c 44 5c 00 e2 bb 29 7b 22 68 6f 73 74
5f 69 6e 74 22 3a 20 31 30 32 34 39 38 39 32 35
33 39 34 38 36 32 33 30 34 31 30 37 31 38 39 38
35 34 32 36 36 32 31 32 35 35 31 37 35 30 2c 20
22 76 65 72 73 69 6f 6e 22 3a 20 5b 32 2c 20 30
5d 2c 20 22 64 69 73 70 6c 61 79 6e 61 6d 65 22
3a 20 22 22 2c 20 22 70 6f 72 74 22 3a 20 31 37
35 30 30 2c 20 22 6e 61 6d 65 73 70 61 63 65 73
22 3a 20 5b 31 32 32 35 32 33 30 33 36 38 2c 20
32 31 36 36 35 39 38 33 30 34 2c 20 31 33 31 36
39 37 30 38 38 38 2c 20 31 32 32 30 39 37 36 38
37 36 2c 20 31 33 32 30 37 32 33 37 38 39 2c 20
31 33 37 38 33 39 30 33 38 33 2c 20 31 32 35 30
37 38 30 39 34 37 2c 20 31 34 38 34 33 38 34 35
33 39 5d 7d

