SID=0
 0                   1           
 0 1 2 3 4 5 6 7 8 9 0 1 2 3 4 5 
+-+-+-+-+-+-+-+-+-+-+-+-+-+-+-+-+
|              1                |
+-+-+-+-+-+-+-+-+-+-+-+-+-+-+-+-+
|             2048              |
+-+-+-+-+-+-+-+-+-+-+-+-+-+-+-+-+
|      6        |      4        |
+-+-+-+-+-+-+-+-+-+-+-+-+-+-+-+-+
|              1                |
+-+-+-+-+-+-+-+-+-+-+-+-+-+-+-+-+
|      00:c0:4f:8d:93:cc        |
+-+-+-+-+-+-+-+-+-+-+-+-+-+-+-+-+
|         192.168.1.34          |
+-+-+-+-+-+-+-+-+-+-+-+-+-+-+-+-+
|      00:00:00:00:00:00        |
+-+-+-+-+-+-+-+-+-+-+-+-+-+-+-+-+
|        192.168.1.200          |
+-+-+-+-+-+-+-+-+-+-+-+-+-+-+-+-+
|00 00 00 00 00 00 00 00 00 00 00 00 00 00 00 00 00 00 xx xx xx |
+-+-+-+-+-+-+-+-+-+-+-+-+-+-+-+-+-+-+-+-+-+-+-+-+-+-+-+-+-+-+-+-+
 0                   1           
 0 1 2 3 4 5 6 7 8 9 0 1 2 3 4 5 
+-+-+-+-+-+-+-+-+-+-+-+-+-+-+-+-+
|              1                |
+-+-+-+-+-+-+-+-+-+-+-+-+-+-+-+-+
|             2048              |
+-+-+-+-+-+-+-+-+-+-+-+-+-+-+-+-+
|      6        |      4        |
+-+-+-+-+-+-+-+-+-+-+-+-+-+-+-+-+
|              1                |
+-+-+-+-+-+-+-+-+-+-+-+-+-+-+-+-+
|      00:c0:4f:8d:93:cc        |
+-+-+-+-+-+-+-+-+-+-+-+-+-+-+-+-+
|         192.168.1.34          |
+-+-+-+-+-+-+-+-+-+-+-+-+-+-+-+-+
|      00:00:00:00:00:00        |
+-+-+-+-+-+-+-+-+-+-+-+-+-+-+-+-+
|        192.168.1.200          |
+-+-+-+-+-+-+-+-+-+-+-+-+-+-+-+-+
|00 00 00 00 00 00 00 00 00 00 00 00 00 00 00 00 00 00 xx xx xx |
+-+-+-+-+-+-+-+-+-+-+-+-+-+-+-+-+-+-+-+-+-+-+-+-+-+-+-+-+-+-+-+-+
